0	0	100	
0.0208333	0	100	
0.0416667	0	100	
0.0625	0	100	
0.0833333	0	100	
0.104167	0	100	
0.125	0	100	
0.145833	0	100	
0.166667	0	100	
0.1875	0	100	
0.208333	0	100	
0.229167	0	100	
0.25	0	100	
0.270833	0	100	
0.291667	0	100	
0.3125	0	100	
0.333333	0	100	
0.354167	0	100	
0.375	0	100	
0.395833	0	100	
0.416667	0	100	
0.4375	0	100	
0.458333	0	100	
0.479167	0	100	
0.5	0	100	
0.520833	0	100	
0.541667	0	100	
0.5625	0	100	
0.583333	0	100	
0.604167	0	100	
0.625	0	100	
0.645833	0	100	
0.666667	0	100	
0.6875	0	100	
0.708333	0	100	
0.729167	0	100	
0.75	0	100	
0.770833	0	100	
0.791667	0	100	
0.8125	0	100	
0.833333	0	100	
0.854167	0	100	
0.875	0	100	
0.895833	0	100	
0.916667	0	100	
0.9375	0	100	
0.958333	0	100	
0.979167	0	100	
1	0	100	
0	0.0208333	50	
0.0208333	0.0208333	74.9887	
0.0416667	0.0208333	84.8605	
0.0625	0.0208333	89.4981	
0.0833333	0.0208333	92.0335	
0.104167	0.0208333	93.5941	
0.125	0.0208333	94.6425	
0.145833	0.0208333	95.3939	
0.166667	0.0208333	95.9591	
0.1875	0.0208333	96.4008	
0.208333	0.0208333	96.7566	
0.229167	0.0208333	97.0506	
0.25	0.0208333	97.2987	
0.270833	0.0208333	97.5118	
0.291667	0.0208333	97.6974	
0.3125	0.0208333	97.8608	
0.333333	0.0208333	98.0058	
0.354167	0.0208333	98.1348	
0.375	0.0208333	98.2497	
0.395833	0.0208333	98.3517	
0.416667	0.0208333	98.4415	
0.4375	0.0208333	98.5198	
0.458333	0.0208333	98.5868	
0.479167	0.0208333	98.6429	
0.5	0.0208333	98.6883	
0.520833	0.0208333	98.7233	
0.541667	0.0208333	98.7481	
0.5625	0.0208333	98.7628	
0.583333	0.0208333	98.7677	
0.604167	0.0208333	98.7629	
0.625	0.0208333	98.7486	
0.645833	0.0208333	98.7246	
0.666667	0.0208333	98.6906	
0.6875	0.0208333	98.6462	
0.708333	0.0208333	98.5903	
0.729167	0.0208333	98.5215	
0.75	0.0208333	98.4373	
0.770833	0.0208333	98.3342	
0.791667	0.0208333	98.2071	
0.8125	0.0208333	98.0481	
0.833333	0.0208333	97.8455	
0.854167	0.0208333	97.5806	
0.875	0.0208333	97.2222	
0.895833	0.0208333	96.7148	
0.916667	0.0208333	95.9513	
0.9375	0.0208333	94.7001	
0.958333	0.0208333	92.3976	
0.979167	0.0208333	87.4781	
1	0.0208333	75	
0	0.0416667	50	
0.0208333	0.0416667	65.0945	
0.0416667	0.0416667	74.955	
0.0625	0.0416667	81.0985	
0.0833333	0.0416667	85.042	
0.104167	0.0416667	87.7002	
0.125	0.0416667	89.5822	
0.145833	0.0416667	90.9739	
0.166667	0.0416667	92.0419	
0.1875	0.0416667	92.8875	
0.208333	0.0416667	93.5751	
0.229167	0.0416667	94.1472	
0.25	0.0416667	94.6325	
0.270833	0.0416667	95.0511	
0.291667	0.0416667	95.417	
0.3125	0.0416667	95.7401	
0.333333	0.0416667	96.0274	
0.354167	0.0416667	96.2837	
0.375	0.0416667	96.5123	
0.395833	0.0416667	96.7155	
0.416667	0.0416667	96.8946	
0.4375	0.0416667	97.0508	
0.458333	0.0416667	97.1845	
0.479167	0.0416667	97.2965	
0.5	0.0416667	97.3871	
0.520833	0.0416667	97.4569	
0.541667	0.0416667	97.5062	
0.5625	0.0416667	97.5354	
0.583333	0.0416667	97.5451	
0.604167	0.0416667	97.5355	
0.625	0.0416667	97.5068	
0.645833	0.0416667	97.459	
0.666667	0.0416667	97.3917	
0.6875	0.0416667	97.3038	
0.708333	0.0416667	97.1937	
0.729167	0.0416667	97.0584	
0.75	0.0416667	96.8935	
0.770833	0.0416667	96.6925	
0.791667	0.0416667	96.446	
0.8125	0.0416667	96.1399	
0.833333	0.0416667	95.7534	
0.854167	0.0416667	95.2547	
0.875	0.0416667	94.5932	
0.895833	0.0416667	93.686	
0.916667	0.0416667	92.3901	
0.9375	0.0416667	90.4513	
0.958333	0.0416667	87.4123	
0.979167	0.0416667	82.5147	
1	0.0416667	75	
0	0.0625	50	
0.0208333	0.0625	60.4343	
0.0416667	0.0625	68.7665	
0.0625	0.0625	74.8987	
0.0833333	0.0625	79.3358	
0.104167	0.0625	82.5825	
0.125	0.0625	85.0121	
0.145833	0.0625	86.8776	
0.166667	0.0625	88.3469	
0.1875	0.0625	89.5321	
0.208333	0.0625	90.5091	
0.229167	0.0625	91.3305	
0.25	0.0625	92.0331	
0.270833	0.0625	92.6431	
0.291667	0.0625	93.1794	
0.3125	0.0625	93.6552	
0.333333	0.0625	94.08	
0.354167	0.0625	94.4603	
0.375	0.0625	94.8004	
0.395833	0.0625	95.1033	
0.416667	0.0625	95.3708	
0.4375	0.0625	95.6041	
0.458333	0.0625	95.8041	
0.479167	0.0625	95.9714	
0.5	0.0625	96.1068	
0.520833	0.0625	96.2109	
0.541667	0.0625	96.2843	
0.5625	0.0625	96.3277	
0.583333	0.0625	96.3417	
0.604167	0.0625	96.3271	
0.625	0.0625	96.2842	
0.645833	0.0625	96.213	
0.666667	0.0625	96.1133	
0.6875	0.0625	95.9838	
0.708333	0.0625	95.8222	
0.729167	0.0625	95.6248	
0.75	0.0625	95.3857	
0.770833	0.0625	95.0964	
0.791667	0.0625	94.7445	
0.8125	0.0625	94.3121	
0.833333	0.0625	93.7736	
0.854167	0.0625	93.0915	
0.875	0.0625	92.21	
0.895833	0.0625	91.0456	
0.916667	0.0625	89.472	
0.9375	0.0625	87.3028	
0.958333	0.0625	84.2857	
0.979167	0.0625	80.1684	
1	0.0625	75	
0	0.0833333	50	
0.0208333	0.0833333	57.8764	
0.0416667	0.0833333	64.7779	
0.0625	0.0833333	70.3941	
0.0833333	0.0833333	74.82	
0.104167	0.0833333	78.2819	
0.125	0.0833333	81.0061	
0.145833	0.0833333	83.1775	
0.166667	0.0833333	84.9361	
0.1875	0.0833333	86.3849	
0.208333	0.0833333	87.5988	
0.229167	0.0833333	88.6326	
0.25	0.0833333	89.5261	
0.270833	0.0833333	90.3089	
0.291667	0.0833333	91.0022	
0.3125	0.0833333	91.6213	
0.333333	0.0833333	92.1772	
0.354167	0.0833333	92.6771	
0.375	0.0833333	93.1258	
0.395833	0.0833333	93.5265	
0.416667	0.0833333	93.8811	
0.4375	0.0833333	94.1907	
0.458333	0.0833333	94.4562	
0.479167	0.0833333	94.6784	
0.5	0.0833333	94.8579	
0.520833	0.0833333	94.9956	
0.541667	0.0833333	95.0924	
0.5625	0.0833333	95.1492	
0.583333	0.0833333	95.1671	
0.604167	0.0833333	95.147	
0.625	0.0833333	95.0897	
0.645833	0.0833333	94.9956	
0.666667	0.0833333	94.8647	
0.6875	0.0833333	94.6958	
0.708333	0.0833333	94.4866	
0.729167	0.0833333	94.2329	
0.75	0.0833333	93.9282	
0.770833	0.0833333	93.5629	
0.791667	0.0833333	93.1234	
0.8125	0.0833333	92.5905	
0.833333	0.0833333	91.9375	
0.854167	0.0833333	91.1276	
0.875	0.0833333	90.1098	
0.895833	0.0833333	88.8145	
0.916667	0.0833333	87.1496	
0.9375	0.0833333	85.0021	
0.958333	0.0833333	82.2592	
0.979167	0.0833333	78.8733	
1	0.0833333	75	
0	0.104167	50	
0.0208333	0.104167	56.2933	
0.0416667	0.104167	62.0746	
0.0625	0.104167	67.0799	
0.0833333	0.104167	71.2683	
0.104167	0.104167	74.7191	
0.125	0.104167	77.5529	
0.145833	0.104167	79.8902	
0.166667	0.104167	81.8352	
0.1875	0.104167	83.4726	
0.208333	0.104167	84.8687	
0.229167	0.104167	86.0748	
0.25	0.104167	87.13	
0.270833	0.104167	88.0642	
0.291667	0.104167	88.8991	
0.3125	0.104167	89.6508	
0.333333	0.104167	90.3303	
0.354167	0.104167	90.9449	
0.375	0.104167	91.4993	
0.395833	0.104167	91.9959	
0.416667	0.104167	92.4364	
0.4375	0.104167	92.8214	
0.458333	0.104167	93.1517	
0.479167	0.104167	93.4279	
0.5	0.104167	93.6508	
0.520833	0.104167	93.8212	
0.541667	0.104167	93.9404	
0.5625	0.104167	94.0097	
0.583333	0.104167	94.0304	
0.604167	0.104167	94.0041	
0.625	0.104167	93.932	
0.645833	0.104167	93.8151	
0.666667	0.104167	93.654	
0.6875	0.104167	93.4481	
0.708333	0.104167	93.1954	
0.729167	0.104167	92.8919	
0.75	0.104167	92.5312	
0.770833	0.104167	92.1037	
0.791667	0.104167	91.5957	
0.8125	0.104167	90.9888	
0.833333	0.104167	90.2583	
0.854167	0.104167	89.3715	
0.875	0.104167	88.287	
0.895833	0.104167	86.953	
0.916667	0.104167	85.3096	
0.9375	0.104167	83.297	
0.958333	0.104167	80.8755	
0.979167	0.104167	78.0658	
1	0.104167	75	
0	0.125	50	
0.0208333	0.125	55.2221	
0.0416667	0.125	60.1473	
0.0625	0.125	64.5825	
0.0833333	0.125	68.4541	
0.104167	0.125	71.7733	
0.125	0.125	74.5962	
0.145833	0.125	76.9951	
0.166667	0.125	79.042	
0.1875	0.125	80.8016	
0.208333	0.125	82.3285	
0.229167	0.125	83.6678	
0.25	0.125	84.8551	
0.270833	0.125	85.9186	
0.291667	0.125	86.8793	
0.3125	0.125	87.7524	
0.333333	0.125	88.5482	
0.354167	0.125	89.2731	
0.375	0.125	89.9304	
0.395833	0.125	90.5215	
0.416667	0.125	91.047	
0.4375	0.125	91.5069	
0.458333	0.125	91.9013	
0.479167	0.125	92.2308	
0.5	0.125	92.496	
0.520833	0.125	92.6981	
0.541667	0.125	92.8385	
0.5625	0.125	92.9188	
0.583333	0.125	92.9409	
0.604167	0.125	92.9069	
0.625	0.125	92.819	
0.645833	0.125	92.6789	
0.666667	0.125	92.4882	
0.6875	0.125	92.2472	
0.708333	0.125	91.955	
0.729167	0.125	91.6082	
0.75	0.125	91.2011	
0.770833	0.125	90.7249	
0.791667	0.125	90.167	
0.8125	0.125	89.5109	
0.833333	0.125	88.7352	
0.854167	0.125	87.8133	
0.875	0.125	86.7137	
0.895833	0.125	85.4008	
0.916667	0.125	83.8391	
0.9375	0.125	82.0006	
0.958333	0.125	79.88	
0.979167	0.125	77.5143	
1	0.125	75	
0	0.145833	50	
0.0208333	0.145833	54.4479	
0.0416667	0.145833	58.71	
0.0625	0.145833	62.6488	
0.0833333	0.145833	66.1922	
0.104167	0.145833	69.3237	
0.125	0.145833	72.0636	
0.145833	0.145833	74.452	
0.166667	0.145833	76.5361	
0.1875	0.145833	78.3631	
0.208333	0.145833	79.9761	
0.229167	0.145833	81.4126	
0.25	0.145833	82.7041	
0.270833	0.145833	83.8758	
0.291667	0.145833	84.947	
0.3125	0.145833	85.9313	
0.333333	0.145833	86.8371	
0.354167	0.145833	87.6689	
0.375	0.145833	88.4277	
0.395833	0.145833	89.1128	
0.416667	0.145833	89.7232	
0.4375	0.145833	90.2577	
0.458333	0.145833	90.7159	
0.479167	0.145833	91.0979	
0.5	0.145833	91.4044	
0.520833	0.145833	91.6367	
0.541667	0.145833	91.7965	
0.5625	0.145833	91.886	
0.583333	0.145833	91.9074	
0.604167	0.145833	91.8638	
0.625	0.145833	91.758	
0.645833	0.145833	91.5934	
0.666667	0.145833	91.3726	
0.6875	0.145833	91.0977	
0.708333	0.145833	90.769	
0.729167	0.145833	90.3847	
0.75	0.145833	89.9401	
0.770833	0.145833	89.4277	
0.791667	0.145833	88.8366	
0.8125	0.145833	88.1526	
0.833333	0.145833	87.3582	
0.854167	0.145833	86.4328	
0.875	0.145833	85.3536	
0.895833	0.145833	84.0976	
0.916667	0.145833	82.6452	
0.9375	0.145833	80.9864	
0.958333	0.145833	79.1297	
0.979167	0.145833	77.1113	
1	0.145833	75	
0	0.166667	50	
0.0208333	0.166667	53.8595	
0.0416667	0.166667	57.5958	
0.0625	0.166667	61.1106	
0.0833333	0.166667	64.3424	
0.104167	0.166667	67.2656	
0.125	0.166667	69.8824	
0.145833	0.166667	72.2131	
0.166667	0.166667	74.2874	
0.1875	0.166667	76.1386	
0.208333	0.166667	77.8001	
0.229167	0.166667	79.3026	
0.25	0.166667	80.6729	
0.270833	0.166667	81.9336	
0.291667	0.166667	83.1016	
0.3125	0.166667	84.1885	
0.333333	0.166667	85.2002	
0.354167	0.166667	86.1377	
0.375	0.166667	86.9985	
0.395833	0.166667	87.7789	
0.416667	0.166667	88.4753	
0.4375	0.166667	89.085	
0.458333	0.166667	89.6067	
0.479167	0.166667	90.0404	
0.5	0.166667	90.387	
0.520833	0.166667	90.6478	
0.541667	0.166667	90.825	
0.5625	0.166667	90.9211	
0.583333	0.166667	90.9391	
0.604167	0.166667	90.8827	
0.625	0.166667	90.7561	
0.645833	0.166667	90.5639	
0.666667	0.166667	90.3112	
0.6875	0.166667	90.002	
0.708333	0.166667	89.6387	
0.729167	0.166667	89.2214	
0.75	0.166667	88.747	
0.770833	0.166667	88.2092	
0.791667	0.166667	87.5991	
0.8125	0.166667	86.9047	
0.833333	0.166667	86.1122	
0.854167	0.166667	85.2061	
0.875	0.166667	84.1704	
0.895833	0.166667	82.9908	
0.916667	0.166667	81.6576	
0.9375	0.166667	80.1701	
0.958333	0.166667	78.5411	
0.979167	0.166667	76.8013	
1	0.166667	75	
0	0.1875	50	
0.0208333	0.1875	53.3943	
0.0416667	0.1875	56.7033	
0.0625	0.1875	59.8554	
0.0833333	0.1875	62.8011	
0.104167	0.1875	65.5138	
0.125	0.1875	67.9875	
0.145833	0.1875	70.2307	
0.166667	0.1875	72.2617	
0.1875	0.1875	74.104	
0.208333	0.1875	75.7832	
0.229167	0.1875	77.3246	
0.25	0.1875	78.7515	
0.270833	0.1875	80.084	
0.291667	0.1875	81.3373	
0.3125	0.1875	82.521	
0.333333	0.1875	83.6375	
0.354167	0.1875	84.683	
0.375	0.1875	85.6498	
0.395833	0.1875	86.5291	
0.416667	0.1875	87.314	
0.4375	0.1875	88.0001	
0.458333	0.1875	88.5856	
0.479167	0.1875	89.0702	
0.5	0.1875	89.4552	
0.520833	0.1875	89.7425	
0.541667	0.1875	89.9346	
0.5625	0.1875	90.0343	
0.583333	0.1875	90.0453	
0.604167	0.1875	89.9719	
0.625	0.1875	89.8195	
0.645833	0.1875	89.5951	
0.666667	0.1875	89.3062	
0.6875	0.1875	88.9602	
0.708333	0.1875	88.5625	
0.729167	0.1875	88.1154	
0.75	0.1875	87.6172	
0.770833	0.1875	87.0632	
0.791667	0.1875	86.4457	
0.8125	0.1875	85.755	
0.833333	0.1875	84.98	
0.854167	0.1875	84.1089	
0.875	0.1875	83.131	
0.895833	0.1875	82.0375	
0.916667	0.1875	80.8245	
0.9375	0.1875	79.4953	
0.958333	0.1875	78.0632	
0.979167	0.1875	76.5528	
1	0.1875	75	
0	0.208333	50	
0.0208333	0.208333	53.0143	
0.0416667	0.208333	55.9675	
0.0625	0.208333	58.8068	
0.0833333	0.208333	61.4927	
0.104167	0.208333	64.0012	
0.125	0.208333	66.323	
0.145833	0.208333	68.4604	
0.166667	0.208333	70.4246	
0.1875	0.208333	72.2324	
0.208333	0.208333	73.9041	
0.229167	0.208333	75.461	
0.25	0.208333	76.9245	
0.270833	0.208333	78.3135	
0.291667	0.208333	79.6428	
0.3125	0.208333	80.9206	
0.333333	0.208333	82.1456	
0.354167	0.208333	83.3072	
0.375	0.208333	84.3886	
0.395833	0.208333	85.3737	
0.416667	0.208333	86.2515	
0.4375	0.208333	87.016	
0.458333	0.208333	87.6652	
0.479167	0.208333	88.1996	
0.5	0.208333	88.6212	
0.520833	0.208333	88.9325	
0.541667	0.208333	89.1364	
0.5625	0.208333	89.2363	
0.583333	0.208333	89.2358	
0.604167	0.208333	89.1399	
0.625	0.208333	88.9551	
0.645833	0.208333	88.6907	
0.666667	0.208333	88.3583	
0.6875	0.208333	87.9701	
0.708333	0.208333	87.5359	
0.729167	0.208333	87.0603	
0.75	0.208333	86.5432	
0.770833	0.208333	85.9805	
0.791667	0.208333	85.3655	
0.8125	0.208333	84.6896	
0.833333	0.208333	83.9437	
0.854167	0.208333	83.1187	
0.875	0.208333	82.2071	
0.895833	0.208333	81.2037	
0.916667	0.208333	80.1076	
0.9375	0.208333	78.9235	
0.958333	0.208333	77.6634	
0.979167	0.208333	76.3468	
1	0.208333	75	
0	0.229167	50	
0.0208333	0.229167	52.6953	
0.0416667	0.229167	55.3457	
0.0625	0.229167	57.9115	
0.0833333	0.229167	60.3616	
0.104167	0.229167	62.6754	
0.125	0.229167	64.8429	
0.145833	0.229167	66.8634	
0.166667	0.229167	68.7439	
0.1875	0.229167	70.4971	
0.208333	0.229167	72.1396	
0.229167	0.229167	73.691	
0.25	0.229167	75.1719	
0.270833	0.229167	76.6026	
0.291667	0.229167	77.9999	
0.3125	0.229167	79.3729	
0.333333	0.229167	80.7172	
0.354167	0.229167	82.0117	
0.375	0.229167	83.2235	
0.395833	0.229167	84.3256	
0.416667	0.229167	85.3023	
0.4375	0.229167	86.1472	
0.458333	0.229167	86.8597	
0.479167	0.229167	87.4419	
0.5	0.229167	87.8974	
0.520833	0.229167	88.2297	
0.541667	0.229167	88.4424	
0.5625	0.229167	88.5386	
0.583333	0.229167	88.5219	
0.604167	0.229167	88.3968	
0.625	0.229167	88.1704	
0.645833	0.229167	87.8544	
0.666667	0.229167	87.4661	
0.6875	0.229167	87.0262	
0.708333	0.229167	86.5506	
0.729167	0.229167	86.0467	
0.75	0.229167	85.5148	
0.770833	0.229167	84.9503	
0.791667	0.229167	84.3462	
0.8125	0.229167	83.6943	
0.833333	0.229167	82.9864	
0.854167	0.229167	82.2152	
0.875	0.229167	81.375	
0.895833	0.229167	80.4626	
0.916667	0.229167	79.4786	
0.9375	0.229167	78.4278	
0.958333	0.229167	77.3202	
0.979167	0.229167	76.1711	
1	0.229167	75	
0	0.25	50	
0.0208333	0.25	52.4211	
0.0416667	0.25	54.8086	
0.0625	0.25	57.132	
0.0833333	0.25	59.3668	
0.104167	0.25	61.4958	
0.125	0.25	63.5097	
0.145833	0.25	65.4065	
0.166667	0.25	67.1906	
0.1875	0.25	68.8723	
0.208333	0.25	70.4663	
0.229167	0.25	71.9913	
0.25	0.25	73.4696	
0.270833	0.25	74.9252	
0.291667	0.25	76.3813	
0.3125	0.25	77.8537	
0.333333	0.25	79.3387	
0.354167	0.25	80.799	
0.375	0.25	82.1681	
0.395833	0.25	83.4028	
0.416667	0.25	84.4849	
0.4375	0.25	85.4109	
0.458333	0.25	86.1843	
0.479167	0.25	86.811	
0.5	0.25	87.2967	
0.520833	0.25	87.6467	
0.541667	0.25	87.8648	
0.5625	0.25	87.9539	
0.583333	0.25	87.9163	
0.604167	0.25	87.7549	
0.625	0.25	87.4753	
0.645833	0.25	87.0904	
0.666667	0.25	86.6254	
0.6875	0.25	86.1179	
0.708333	0.25	85.5935	
0.729167	0.25	85.0611	
0.75	0.25	84.5189	
0.770833	0.25	83.9597	
0.791667	0.25	83.3747	
0.8125	0.25	82.7549	
0.833333	0.25	82.0924	
0.854167	0.25	81.3807	
0.875	0.25	80.615	
0.895833	0.25	79.7933	
0.916667	0.25	78.9164	
0.9375	0.25	77.9887	
0.958333	0.25	77.0185	
0.979167	0.25	76.0174	
1	0.25	75	
0	0.270833	50	
0.0208333	0.270833	52.1806	
0.0416667	0.270833	54.3355	
0.0625	0.270833	56.441	
0.0833333	0.270833	58.4777	
0.104167	0.270833	60.4314	
0.125	0.270833	62.2937	
0.145833	0.270833	64.0621	
0.166667	0.270833	65.7398	
0.1875	0.270833	67.3352	
0.208333	0.270833	68.8618	
0.229167	0.270833	70.3385	
0.25	0.270833	71.79	
0.270833	0.270833	73.2473	
0.291667	0.270833	74.7465	
0.3125	0.270833	76.3221	
0.333333	0.270833	77.9849	
0.354167	0.270833	79.6773	
0.375	0.270833	81.2471	
0.395833	0.270833	82.6327	
0.416667	0.270833	83.8235	
0.4375	0.270833	84.8272	
0.458333	0.270833	85.6558	
0.479167	0.270833	86.3209	
0.5	0.270833	86.8318	
0.520833	0.270833	87.1955	
0.541667	0.270833	87.4162	
0.5625	0.270833	87.4959	
0.583333	0.270833	87.4346	
0.604167	0.270833	87.2311	
0.625	0.270833	86.8855	
0.645833	0.270833	86.4065	
0.666667	0.270833	85.8272	
0.6875	0.270833	85.2266	
0.708333	0.270833	84.6443	
0.729167	0.270833	84.0854	
0.75	0.270833	83.54	
0.770833	0.270833	82.995	
0.791667	0.270833	82.4379	
0.8125	0.270833	81.8583	
0.833333	0.270833	81.2477	
0.854167	0.270833	80.6	
0.875	0.270833	79.9111	
0.895833	0.270833	79.1791	
0.916667	0.270833	78.405	
0.9375	0.270833	77.5923	
0.958333	0.270833	76.7476	
0.979167	0.270833	75.8798	
1	0.270833	75	
0	0.291667	50	
0.0208333	0.291667	51.9659	
0.0416667	0.291667	53.9117	
0.0625	0.291667	55.8189	
0.0833333	0.291667	57.6717	
0.104167	0.291667	59.4584	
0.125	0.291667	61.1715	
0.145833	0.291667	62.8085	
0.166667	0.291667	64.3713	
0.1875	0.291667	65.8669	
0.208333	0.291667	67.3073	
0.229167	0.291667	68.7109	
0.25	0.291667	70.1047	
0.270833	0.291667	71.5274	
0.291667	0.291667	73.0352	
0.3125	0.291667	74.7032	
0.333333	0.291667	76.6014	
0.354167	0.291667	78.6785	
0.375	0.291667	80.5102	
0.395833	0.291667	82.0575	
0.416667	0.291667	83.3494	
0.4375	0.291667	84.4185	
0.458333	0.291667	85.2908	
0.479167	0.291667	85.9849	
0.5	0.291667	86.5142	
0.520833	0.291667	86.8872	
0.541667	0.291667	87.1085	
0.5625	0.291667	87.179	
0.583333	0.291667	87.0952	
0.604167	0.291667	86.8494	
0.625	0.291667	86.4292	
0.645833	0.291667	85.8229	
0.666667	0.291667	85.0504	
0.6875	0.291667	84.3169	
0.708333	0.291667	83.6719	
0.729167	0.291667	83.0961	
0.75	0.291667	82.5608	
0.770833	0.291667	82.0424	
0.791667	0.291667	81.5237	
0.8125	0.291667	80.9925	
0.833333	0.291667	80.4402	
0.854167	0.291667	79.8606	
0.875	0.291667	79.2501	
0.895833	0.291667	78.607	
0.916667	0.291667	77.932	
0.9375	0.291667	77.228	
0.958333	0.291667	76.4998	
0.979167	0.291667	75.7544	
1	0.291667	75	
0	0.3125	50	
0.0208333	0.3125	51.7713	
0.0416667	0.3125	53.5267	
0.0625	0.3125	55.2511	
0.0833333	0.3125	56.9318	
0.104167	0.3125	58.5588	
0.125	0.3125	60.1256	
0.145833	0.3125	61.629	
0.166667	0.3125	63.0701	
0.1875	0.3125	64.4537	
0.208333	0.3125	65.7895	
0.229167	0.3125	67.0933	
0.25	0.3125	68.3903	
0.270833	0.3125	69.7223	
0.291667	0.3125	71.1638	
0.3125	0.3125	72.8542	
0.333333	0.3125	75.0389	
0.354167	0.3125	77.925	
0.375	0.3125	80.0576	
0.395833	0.3125	81.7377	
0.416667	0.3125	83.0979	
0.4375	0.3125	84.2067	
0.458333	0.3125	85.1038	
0.479167	0.3125	85.8139	
0.5	0.3125	86.3529	
0.520833	0.3125	86.7306	
0.541667	0.3125	86.9518	
0.5625	0.3125	87.0162	
0.583333	0.3125	86.9178	
0.604167	0.3125	86.642	
0.625	0.3125	86.1589	
0.645833	0.3125	85.4055	
0.666667	0.3125	84.2347	
0.6875	0.3125	83.3188	
0.708333	0.3125	82.63	
0.729167	0.3125	82.0665	
0.75	0.3125	81.5648	
0.770833	0.3125	81.09	
0.791667	0.3125	80.6219	
0.8125	0.3125	80.1479	
0.833333	0.3125	79.6599	
0.854167	0.3125	79.1523	
0.875	0.3125	78.6217	
0.895833	0.3125	78.0669	
0.916667	0.3125	77.4882	
0.9375	0.3125	76.8877	
0.958333	0.3125	76.2693	
0.979167	0.3125	75.638	
1	0.3125	75	
0	0.333333	50	
0.0208333	0.333333	51.5927	
0.0416667	0.333333	53.1725	
0.0625	0.333333	54.727	
0.0833333	0.333333	56.2456	
0.104167	0.333333	57.7196	
0.125	0.333333	59.1429	
0.145833	0.333333	60.512	
0.166667	0.333333	61.8263	
0.1875	0.333333	63.0883	
0.208333	0.333333	64.3037	
0.229167	0.333333	65.4825	
0.25	0.333333	66.6409	
0.270833	0.333333	67.8078	
0.291667	0.333333	69.0435	
0.3125	0.333333	70.511	
0.333333	0.333333	72.7749	
0.354167	0.333333	77.925	
0.375	0.333333	80.0576	
0.395833	0.333333	81.7377	
0.416667	0.333333	83.0979	
0.4375	0.333333	84.2067	
0.458333	0.333333	85.1038	
0.479167	0.333333	85.8139	
0.5	0.333333	86.3529	
0.520833	0.333333	86.7306	
0.541667	0.333333	86.9518	
0.5625	0.333333	87.0162	
0.583333	0.333333	86.9178	
0.604167	0.333333	86.642	
0.625	0.333333	86.1589	
0.645833	0.333333	85.4055	
0.666667	0.333333	83.164	
0.6875	0.333333	82.0934	
0.708333	0.333333	81.463	
0.729167	0.333333	80.9749	
0.75	0.333333	80.5418	
0.770833	0.333333	80.1309	
0.791667	0.333333	79.7259	
0.8125	0.333333	79.3175	
0.833333	0.333333	78.8992	
0.854167	0.333333	78.4668	
0.875	0.333333	78.0176	
0.895833	0.333333	77.5507	
0.916667	0.333333	77.0661	
0.9375	0.333333	76.5655	
0.958333	0.333333	76.0516	
0.979167	0.333333	75.5283	
1	0.333333	75	
0	0.354167	50	
0.0208333	0.354167	51.4272	
0.0416667	0.354167	52.8435	
0.0625	0.354167	54.2388	
0.0833333	0.354167	55.6039	
0.104167	0.354167	56.9311	
0.125	0.354167	58.2144	
0.145833	0.354167	59.4497	
0.166667	0.354167	60.6349	
0.1875	0.354167	61.7695	
0.208333	0.354167	62.8546	
0.229167	0.354167	63.892	
0.25	0.354167	64.8831	
0.270833	0.354167	65.8245	
0.291667	0.354167	66.6913	
0.3125	0.354167	67.3714	
0.333333	0.354167	67.3714	
0.354167	0.354167	0	
0.375	0.354167	0	
0.395833	0.354167	0	
0.416667	0.354167	0	
0.4375	0.354167	0	
0.458333	0.354167	0	
0.479167	0.354167	0	
0.5	0.354167	0	
0.520833	0.354167	0	
0.541667	0.354167	0	
0.5625	0.354167	0	
0.583333	0.354167	0	
0.604167	0.354167	0	
0.625	0.354167	0	
0.645833	0.354167	0	
0.666667	0.354167	80.4278	
0.6875	0.354167	80.4278	
0.708333	0.354167	80.1538	
0.729167	0.354167	79.8284	
0.75	0.354167	79.4968	
0.770833	0.354167	79.1657	
0.791667	0.354167	78.8335	
0.8125	0.354167	78.4969	
0.833333	0.354167	78.1525	
0.854167	0.354167	77.798	
0.875	0.354167	77.4314	
0.895833	0.354167	77.052	
0.916667	0.354167	76.66	
0.9375	0.354167	76.2565	
0.958333	0.354167	75.8434	
0.979167	0.354167	75.4235	
1	0.354167	75	
0	0.375	50	
0.0208333	0.375	51.2724	
0.0416667	0.375	52.5356	
0.0625	0.375	53.7809	
0.0833333	0.375	55.0002	
0.104167	0.375	56.1864	
0.125	0.375	57.3338	
0.145833	0.375	58.4376	
0.166667	0.375	59.4941	
0.1875	0.375	60.5003	
0.208333	0.375	61.453	
0.229167	0.375	62.3477	
0.25	0.375	63.1751	
0.270833	0.375	63.9158	
0.291667	0.375	64.5258	
0.3125	0.375	64.9118	
0.333333	0.375	64.9118	
0.354167	0.375	0	
0.375	0.375	0	
0.395833	0.375	0	
0.416667	0.375	0	
0.4375	0.375	0	
0.458333	0.375	0	
0.479167	0.375	0	
0.5	0.375	0	
0.520833	0.375	0	
0.541667	0.375	0	
0.5625	0.375	0	
0.583333	0.375	0	
0.604167	0.375	0	
0.625	0.375	0	
0.645833	0.375	0	
0.666667	0.375	79.0361	
0.6875	0.375	79.0361	
0.708333	0.375	78.896	
0.729167	0.375	78.688	
0.75	0.375	78.4511	
0.770833	0.375	78.2017	
0.791667	0.375	77.9456	
0.8125	0.375	77.684	
0.833333	0.375	77.4161	
0.854167	0.375	77.1411	
0.875	0.375	76.8579	
0.895833	0.375	76.5661	
0.916667	0.375	76.2655	
0.9375	0.375	75.9571	
0.958333	0.375	75.642	
0.979167	0.375	75.3222	
1	0.375	75	
0	0.395833	50	
0.0208333	0.395833	51.1268	
0.0416667	0.395833	52.2456	
0.0625	0.395833	53.3489	
0.0833333	0.395833	54.4294	
0.104167	0.395833	55.4807	
0.125	0.395833	56.4969	
0.145833	0.395833	57.4728	
0.166667	0.395833	58.4036	
0.1875	0.395833	59.2845	
0.208333	0.395833	60.1096	
0.229167	0.395833	60.8705	
0.25	0.395833	61.554	
0.270833	0.395833	62.1376	
0.291667	0.395833	62.5843	
0.3125	0.395833	62.8382	
0.333333	0.395833	62.8382	
0.354167	0.395833	0	
0.375	0.395833	0	
0.395833	0.395833	0	
0.416667	0.395833	0	
0.4375	0.395833	0	
0.458333	0.395833	0	
0.479167	0.395833	0	
0.5	0.395833	0	
0.520833	0.395833	0	
0.541667	0.395833	0	
0.5625	0.395833	0	
0.583333	0.395833	0	
0.604167	0.395833	0	
0.625	0.395833	0	
0.645833	0.395833	0	
0.666667	0.395833	77.7844	
0.6875	0.395833	77.7844	
0.708333	0.395833	77.7063	
0.729167	0.395833	77.5765	
0.75	0.395833	77.4179	
0.770833	0.395833	77.2445	
0.791667	0.395833	77.0633	
0.8125	0.395833	76.8772	
0.833333	0.395833	76.687	
0.854167	0.395833	76.4925	
0.875	0.395833	76.2932	
0.895833	0.395833	76.0887	
0.916667	0.395833	75.8789	
0.9375	0.395833	75.6642	
0.958333	0.395833	75.4454	
0.979167	0.395833	75.2235	
1	0.395833	75	
0	0.416667	50	
0.0208333	0.416667	50.9891	
0.0416667	0.416667	51.9712	
0.0625	0.416667	52.9397	
0.0833333	0.416667	53.888	
0.104167	0.416667	54.81	
0.125	0.416667	55.7002	
0.145833	0.416667	56.553	
0.166667	0.416667	57.3631	
0.1875	0.416667	58.1246	
0.208333	0.416667	58.8303	
0.229167	0.416667	59.4708	
0.25	0.416667	60.0327	
0.270833	0.416667	60.4965	
0.291667	0.416667	60.8357	
0.3125	0.416667	61.0185	
0.333333	0.416667	61.0185	
0.354167	0.416667	0	
0.375	0.416667	0	
0.395833	0.416667	0	
0.416667	0.416667	0	
0.4375	0.416667	0	
0.458333	0.416667	0	
0.479167	0.416667	0	
0.5	0.416667	0	
0.520833	0.416667	0	
0.541667	0.416667	0	
0.5625	0.416667	0	
0.583333	0.416667	0	
0.604167	0.416667	0	
0.625	0.416667	0	
0.645833	0.416667	0	
0.666667	0.416667	76.6109	
0.6875	0.416667	76.6109	
0.708333	0.416667	76.5682	
0.729167	0.416667	76.4937	
0.75	0.416667	76.3996	
0.770833	0.416667	76.2951	
0.791667	0.416667	76.1858	
0.8125	0.416667	76.0745	
0.833333	0.416667	75.9621	
0.854167	0.416667	75.8486	
0.875	0.416667	75.7336	
0.895833	0.416667	75.6166	
0.916667	0.416667	75.4973	
0.9375	0.416667	75.3756	
0.958333	0.416667	75.2517	
0.979167	0.416667	75.1263	
1	0.416667	75	
0	0.4375	50	
0.0208333	0.4375	50.8583	
0.0416667	0.4375	51.7105	
0.0625	0.4375	52.5506	
0.0833333	0.4375	53.3727	
0.104167	0.4375	54.1713	
0.125	0.4375	54.9408	
0.145833	0.4375	55.676	
0.166667	0.4375	56.3712	
0.1875	0.4375	57.0204	
0.208333	0.4375	57.6163	
0.229167	0.4375	58.1498	
0.25	0.4375	58.6094	
0.270833	0.4375	58.9799	
0.291667	0.4375	59.2434	
0.3125	0.4375	59.3817	
0.333333	0.4375	59.3817	
0.354167	0.4375	0	
0.375	0.4375	0	
0.395833	0.4375	0	
0.416667	0.4375	0	
0.4375	0.4375	0	
0.458333	0.4375	0	
0.479167	0.4375	0	
0.5	0.4375	0	
0.520833	0.4375	0	
0.541667	0.4375	0	
0.5625	0.4375	0	
0.583333	0.4375	0	
0.604167	0.4375	0	
0.625	0.4375	0	
0.645833	0.4375	0	
0.666667	0.4375	75.4801	
0.6875	0.4375	75.4801	
0.708333	0.4375	75.462	
0.729167	0.4375	75.4305	
0.75	0.4375	75.3916	
0.770833	0.4375	75.3505	
0.791667	0.4375	75.3104	
0.8125	0.4375	75.2729	
0.833333	0.4375	75.2383	
0.854167	0.4375	75.2063	
0.875	0.4375	75.1761	
0.895833	0.4375	75.1469	
0.916667	0.4375	75.118	
0.9375	0.4375	75.089	
0.958333	0.4375	75.0597	
0.979167	0.4375	75.03	
1	0.4375	75	
0	0.458333	50	
0.0208333	0.458333	50.7337	
0.0416667	0.458333	51.462	
0.0625	0.458333	52.1795	
0.0833333	0.458333	52.8811	
0.104167	0.458333	53.5615	
0.125	0.458333	54.2158	
0.145833	0.458333	54.8389	
0.166667	0.458333	55.4253	
0.1875	0.458333	55.9694	
0.208333	0.458333	56.4645	
0.229167	0.458333	56.9029	
0.25	0.458333	57.2751	
0.270833	0.458333	57.5702	
0.291667	0.458333	57.7765	
0.3125	0.458333	57.8831	
0.333333	0.458333	57.8831	
0.354167	0.458333	0	
0.375	0.458333	0	
0.395833	0.458333	0	
0.416667	0.458333	0	
0.4375	0.458333	0	
0.458333	0.458333	0	
0.479167	0.458333	0	
0.5	0.458333	0	
0.520833	0.458333	0	
0.541667	0.458333	0	
0.5625	0.458333	0	
0.583333	0.458333	0	
0.604167	0.458333	0	
0.625	0.458333	0	
0.645833	0.458333	0	
0.666667	0.458333	74.3673	
0.6875	0.458333	74.3673	
0.708333	0.458333	74.3692	
0.729167	0.458333	74.3746	
0.75	0.458333	74.3859	
0.770833	0.458333	74.4049	
0.791667	0.458333	74.4324	
0.8125	0.458333	74.4683	
0.833333	0.458333	74.5119	
0.854167	0.458333	74.5621	
0.875	0.458333	74.6175	
0.895833	0.458333	74.6768	
0.916667	0.458333	74.7389	
0.9375	0.458333	74.8029	
0.958333	0.458333	74.868	
0.979167	0.458333	74.9339	
1	0.458333	75	
0	0.479167	50	
0.0208333	0.479167	50.6144	
0.0416667	0.479167	51.2241	
0.0625	0.479167	51.8244	
0.0833333	0.479167	52.4105	
0.104167	0.479167	52.978	
0.125	0.479167	53.5221	
0.145833	0.479167	54.0383	
0.166667	0.479167	54.5218	
0.1875	0.479167	54.9674	
0.208333	0.479167	55.3696	
0.229167	0.479167	55.7221	
0.25	0.479167	56.0178	
0.270833	0.479167	56.2494	
0.291667	0.479167	56.4093	
0.3125	0.479167	56.4911	
0.333333	0.479167	56.4911	
0.354167	0.479167	0	
0.375	0.479167	0	
0.395833	0.479167	0	
0.416667	0.479167	0	
0.4375	0.479167	0	
0.458333	0.479167	0	
0.479167	0.479167	0	
0.5	0.479167	0	
0.520833	0.479167	0	
0.541667	0.479167	0	
0.5625	0.479167	0	
0.583333	0.479167	0	
0.604167	0.479167	0	
0.625	0.479167	0	
0.645833	0.479167	0	
0.666667	0.479167	73.2527	
0.6875	0.479167	73.2527	
0.708333	0.479167	73.2728	
0.729167	0.479167	73.3129	
0.75	0.479167	73.3725	
0.770833	0.479167	73.4507	
0.791667	0.479167	73.5459	
0.8125	0.479167	73.656	
0.833333	0.479167	73.7791	
0.854167	0.479167	73.9128	
0.875	0.479167	74.055	
0.895833	0.479167	74.2039	
0.916667	0.479167	74.3579	
0.9375	0.479167	74.5155	
0.958333	0.479167	74.6757	
0.979167	0.479167	74.8375	
1	0.479167	75	
0	0.5	50	
0.0208333	0.5	50.4999	
0.0416667	0.5	50.9958	
0.0625	0.5	51.4834	
0.0833333	0.5	51.9587	
0.104167	0.5	52.4177	
0.125	0.5	52.8563	
0.145833	0.5	53.2705	
0.166667	0.5	53.6562	
0.1875	0.5	54.0089	
0.208333	0.5	54.3244	
0.229167	0.5	54.5979	
0.25	0.5	54.8248	
0.270833	0.5	55.0003	
0.291667	0.5	55.1201	
0.3125	0.5	55.181	
0.333333	0.5	55.181	
0.354167	0.5	0	
0.375	0.5	0	
0.395833	0.5	0	
0.416667	0.5	0	
0.4375	0.5	0	
0.458333	0.5	0	
0.479167	0.5	0	
0.5	0.5	0	
0.520833	0.5	0	
0.541667	0.5	0	
0.5625	0.5	0	
0.583333	0.5	0	
0.604167	0.5	0	
0.625	0.5	0	
0.645833	0.5	0	
0.666667	0.5	72.118	
0.6875	0.5	72.118	
0.708333	0.5	72.1564	
0.729167	0.5	72.2316	
0.75	0.5	72.3406	
0.770833	0.5	72.4796	
0.791667	0.5	72.6444	
0.8125	0.5	72.8309	
0.833333	0.5	73.0356	
0.854167	0.5	73.2548	
0.875	0.5	73.4858	
0.895833	0.5	73.726	
0.916667	0.5	73.9732	
0.9375	0.5	74.2257	
0.958333	0.5	74.4818	
0.979167	0.5	74.7403	
1	0.5	75	
0	0.520833	50	
0.0208333	0.520833	50.3895	
0.0416667	0.520833	50.7756	
0.0625	0.520833	51.1546	
0.0833333	0.520833	51.5232	
0.104167	0.520833	51.8778	
0.125	0.520833	52.215	
0.145833	0.520833	52.5313	
0.166667	0.520833	52.8233	
0.1875	0.520833	53.0877	
0.208333	0.520833	53.3211	
0.229167	0.520833	53.5205	
0.25	0.520833	53.6831	
0.270833	0.520833	53.8068	
0.291667	0.520833	53.8899	
0.3125	0.520833	53.9317	
0.333333	0.520833	53.9317	
0.354167	0.520833	0	
0.375	0.520833	0	
0.395833	0.520833	0	
0.416667	0.520833	0	
0.4375	0.520833	0	
0.458333	0.520833	0	
0.479167	0.520833	0	
0.5	0.520833	0	
0.520833	0.520833	0	
0.541667	0.520833	0	
0.5625	0.520833	0	
0.583333	0.520833	0	
0.604167	0.520833	0	
0.625	0.520833	0	
0.645833	0.520833	0	
0.666667	0.520833	70.9448	
0.6875	0.520833	70.9448	
0.708333	0.520833	71.0033	
0.729167	0.520833	71.1166	
0.75	0.520833	71.2788	
0.770833	0.520833	71.4826	
0.791667	0.520833	71.7211	
0.8125	0.520833	71.9878	
0.833333	0.520833	72.2774	
0.854167	0.520833	72.5852	
0.875	0.520833	72.9074	
0.895833	0.520833	73.241	
0.916667	0.520833	73.5833	
0.9375	0.520833	73.9321	
0.958333	0.520833	74.2856	
0.979167	0.520833	74.6421	
1	0.520833	75	
0	0.541667	50	
0.0208333	0.541667	50.2827	
0.0416667	0.541667	50.5624	
0.0625	0.541667	50.8364	
0.0833333	0.541667	51.1016	
0.104167	0.541667	51.3553	
0.125	0.541667	51.5945	
0.145833	0.541667	51.8164	
0.166667	0.541667	52.0182	
0.1875	0.541667	52.1974	
0.208333	0.541667	52.3519	
0.229167	0.541667	52.4798	
0.25	0.541667	52.5804	
0.270833	0.541667	52.6538	
0.291667	0.541667	52.7012	
0.3125	0.541667	52.7241	
0.333333	0.541667	52.7241	
0.354167	0.541667	0	
0.375	0.541667	0	
0.395833	0.541667	0	
0.416667	0.541667	0	
0.4375	0.541667	0	
0.458333	0.541667	0	
0.479167	0.541667	0	
0.5	0.541667	0	
0.520833	0.541667	0	
0.541667	0.541667	0	
0.5625	0.541667	0	
0.583333	0.541667	0	
0.604167	0.541667	0	
0.625	0.541667	0	
0.645833	0.541667	0	
0.666667	0.541667	69.7132	
0.6875	0.541667	69.7132	
0.708333	0.541667	69.7953	
0.729167	0.541667	69.9528	
0.75	0.541667	70.1752	
0.770833	0.541667	70.4509	
0.791667	0.541667	70.7695	
0.8125	0.541667	71.1219	
0.833333	0.541667	71.501	
0.854167	0.541667	71.9011	
0.875	0.541667	72.3177	
0.895833	0.541667	72.7473	
0.916667	0.541667	73.1868	
0.9375	0.541667	73.6339	
0.958333	0.541667	74.0863	
0.979167	0.541667	74.5423	
1	0.541667	75	
0	0.5625	50	
0.0208333	0.5625	50.1787	
0.0416667	0.5625	50.355	
0.0625	0.5625	50.5268	
0.0833333	0.5625	50.6917	
0.104167	0.5625	50.8473	
0.125	0.5625	50.9913	
0.145833	0.5625	51.1215	
0.166667	0.5625	51.2357	
0.1875	0.5625	51.332	
0.208333	0.5625	51.4091	
0.229167	0.5625	51.4665	
0.25	0.5625	51.5049	
0.270833	0.5625	51.5269	
0.291667	0.5625	51.5367	
0.3125	0.5625	51.5395	
0.333333	0.5625	51.5395	
0.354167	0.5625	0	
0.375	0.5625	0	
0.395833	0.5625	0	
0.416667	0.5625	0	
0.4375	0.5625	0	
0.458333	0.5625	0	
0.479167	0.5625	0	
0.5	0.5625	0	
0.520833	0.5625	0	
0.541667	0.5625	0	
0.5625	0.5625	0	
0.583333	0.5625	0	
0.604167	0.5625	0	
0.625	0.5625	0	
0.645833	0.5625	0	
0.666667	0.5625	68.3994	
0.6875	0.5625	68.3994	
0.708333	0.5625	68.5118	
0.729167	0.5625	68.7241	
0.75	0.5625	69.0183	
0.770833	0.5625	69.3765	
0.791667	0.5625	69.784	
0.8125	0.5625	70.2293	
0.833333	0.5625	70.7036	
0.854167	0.5625	71.2005	
0.875	0.5625	71.7151	
0.895833	0.5625	72.2435	
0.916667	0.5625	72.7828	
0.9375	0.5625	73.3302	
0.958333	0.5625	73.8836	
0.979167	0.5625	74.4409	
1	0.5625	75	
0	0.583333	50	
0.0208333	0.583333	50.077	
0.0416667	0.583333	50.1523	
0.0625	0.583333	50.2242	
0.0833333	0.583333	50.291	
0.104167	0.583333	50.3509	
0.125	0.583333	50.402	
0.145833	0.583333	50.4426	
0.166667	0.583333	50.471	
0.1875	0.583333	50.4857	
0.208333	0.583333	50.486	
0.229167	0.583333	50.472	
0.25	0.583333	50.4459	
0.270833	0.583333	50.4123	
0.291667	0.583333	50.3792	
0.3125	0.583333	50.3578	
0.333333	0.583333	50.3578	
0.354167	0.583333	0	
0.375	0.583333	0	
0.395833	0.583333	0	
0.416667	0.583333	0	
0.4375	0.583333	0	
0.458333	0.583333	0	
0.479167	0.583333	0	
0.5	0.583333	0	
0.520833	0.583333	0	
0.541667	0.583333	0	
0.5625	0.583333	0	
0.583333	0.583333	0	
0.604167	0.583333	0	
0.625	0.583333	0	
0.645833	0.583333	0	
0.666667	0.583333	66.9732	
0.6875	0.583333	66.9732	
0.708333	0.583333	67.1286	
0.729167	0.583333	67.4136	
0.75	0.583333	67.7972	
0.770833	0.583333	68.2528	
0.791667	0.583333	68.7608	
0.8125	0.583333	69.3076	
0.833333	0.583333	69.8836	
0.854167	0.583333	70.4822	
0.875	0.583333	71.0986	
0.895833	0.583333	71.729	
0.916667	0.583333	72.3706	
0.9375	0.583333	73.0207	
0.958333	0.583333	73.677	
0.979167	0.583333	74.3375	
1	0.583333	75	
0	0.604167	50	
0.0208333	0.604167	49.9769	
0.0416667	0.604167	49.9529	
0.0625	0.604167	49.9267	
0.0833333	0.604167	49.8972	
0.104167	0.604167	49.8632	
0.125	0.604167	49.8233	
0.145833	0.604167	49.776	
0.166667	0.604167	49.72	
0.1875	0.604167	49.654	
0.208333	0.604167	49.5771	
0.229167	0.604167	49.4898	
0.25	0.604167	49.3944	
0.270833	0.604167	49.297	
0.291667	0.604167	49.2101	
0.3125	0.604167	49.1546	
0.333333	0.604167	49.1546	
0.354167	0.604167	0	
0.375	0.604167	0	
0.395833	0.604167	0	
0.416667	0.604167	0	
0.4375	0.604167	0	
0.458333	0.604167	0	
0.479167	0.604167	0	
0.5	0.604167	0	
0.520833	0.604167	0	
0.541667	0.604167	0	
0.5625	0.604167	0	
0.583333	0.604167	0	
0.604167	0.604167	0	
0.625	0.604167	0	
0.645833	0.604167	0	
0.666667	0.604167	65.3917	
0.6875	0.604167	65.3917	
0.708333	0.604167	65.6156	
0.729167	0.604167	66.0047	
0.75	0.604167	66.5042	
0.770833	0.604167	67.0767	
0.791667	0.604167	67.6989	
0.8125	0.604167	68.3567	
0.833333	0.604167	69.0411	
0.854167	0.604167	69.7462	
0.875	0.604167	70.468	
0.895833	0.604167	71.2034	
0.916667	0.604167	71.9498	
0.9375	0.604167	72.7048	
0.958333	0.604167	73.4663	
0.979167	0.604167	74.2321	
1	0.604167	75	
0	0.625	50	
0.0208333	0.625	49.878	
0.0416667	0.625	49.7556	
0.0625	0.625	49.6324	
0.0833333	0.625	49.5079	
0.104167	0.625	49.3814	
0.125	0.625	49.2518	
0.145833	0.625	49.1182	
0.166667	0.625	48.979	
0.1875	0.625	48.833	
0.208333	0.625	48.6787	
0.229167	0.625	48.5157	
0.25	0.625	48.3448	
0.270833	0.625	48.1713	
0.291667	0.625	48.0097	
0.3125	0.625	47.8959	
0.333333	0.625	47.8959	
0.354167	0.625	0	
0.375	0.625	0	
0.395833	0.625	0	
0.416667	0.625	0	
0.4375	0.625	0	
0.458333	0.625	0	
0.479167	0.625	0	
0.5	0.625	0	
0.520833	0.625	0	
0.541667	0.625	0	
0.5625	0.625	0	
0.583333	0.625	0	
0.604167	0.625	0	
0.625	0.625	0	
0.645833	0.625	0	
0.666667	0.625	63.5862	
0.6875	0.625	63.5862	
0.708333	0.625	63.9374	
0.729167	0.625	64.4853	
0.75	0.625	65.1381	
0.770833	0.625	65.8508	
0.791667	0.625	66.6015	
0.8125	0.625	67.3792	
0.833333	0.625	68.1777	
0.854167	0.625	68.9935	
0.875	0.625	69.8239	
0.895833	0.625	70.6669	
0.916667	0.625	71.5204	
0.9375	0.625	72.3825	
0.958333	0.625	73.2513	
0.979167	0.625	74.1245	
1	0.625	75	
0	0.645833	50	
0.0208333	0.645833	49.7793	
0.0416667	0.645833	49.5591	
0.0625	0.645833	49.3395	
0.0833333	0.645833	49.1207	
0.104167	0.645833	48.9026	
0.125	0.645833	48.6846	
0.145833	0.645833	48.4658	
0.166667	0.645833	48.2449	
0.1875	0.645833	48.0201	
0.208333	0.645833	47.7892	
0.229167	0.645833	47.5494	
0.25	0.645833	47.298	
0.270833	0.645833	47.0334	
0.291667	0.645833	46.7616	
0.3125	0.645833	46.5233	
0.333333	0.645833	46.5233	
0.354167	0.645833	0	
0.375	0.645833	0	
0.395833	0.645833	0	
0.416667	0.645833	0	
0.4375	0.645833	0	
0.458333	0.645833	0	
0.479167	0.645833	0	
0.5	0.645833	0	
0.520833	0.645833	0	
0.541667	0.645833	0	
0.5625	0.645833	0	
0.583333	0.645833	0	
0.604167	0.645833	0	
0.625	0.645833	0	
0.645833	0.645833	0	
0.666667	0.645833	61.4295	
0.6875	0.645833	61.4295	
0.708333	0.645833	62.0626	
0.729167	0.645833	62.8609	
0.75	0.645833	63.7121	
0.770833	0.645833	64.5868	
0.791667	0.645833	65.4771	
0.8125	0.645833	66.3807	
0.833333	0.645833	67.2972	
0.854167	0.645833	68.2262	
0.875	0.645833	69.1673	
0.895833	0.645833	70.1197	
0.916667	0.645833	71.0823	
0.9375	0.645833	72.0537	
0.958333	0.645833	73.0318	
0.979167	0.645833	74.0147	
1	0.645833	75	
0	0.666667	50	
0.0208333	0.666667	49.6803	
0.0416667	0.666667	49.3618	
0.0625	0.666667	49.0458	
0.0833333	0.666667	48.7329	
0.104167	0.666667	48.4236	
0.125	0.666667	48.1181	
0.145833	0.666667	47.8155	
0.166667	0.666667	47.5147	
0.1875	0.666667	47.2135	
0.208333	0.666667	46.9085	
0.229167	0.666667	46.5947	
0.25	0.666667	46.2643	
0.270833	0.666667	45.9029	
0.291667	0.666667	45.48	
0.3125	0.666667	44.9125	
0.333333	0.666667	43.9136	
0.354167	0.666667	41.8868	
0.375	0.666667	41.2732	
0.395833	0.666667	40.9358	
0.416667	0.666667	40.8155	
0.4375	0.666667	40.8836	
0.458333	0.666667	41.1255	
0.479167	0.666667	41.5338	
0.5	0.666667	42.1059	
0.520833	0.666667	42.843	
0.541667	0.666667	43.7501	
0.5625	0.666667	44.837	
0.583333	0.666667	46.1207	
0.604167	0.666667	47.6308	
0.625	0.666667	49.4217	
0.645833	0.666667	51.6051	
0.666667	0.666667	56.542	
0.6875	0.666667	58.6398	
0.708333	0.666667	60.0224	
0.729167	0.666667	61.1838	
0.75	0.666667	62.2626	
0.770833	0.666667	63.3074	
0.791667	0.666667	64.3393	
0.8125	0.666667	65.3695	
0.833333	0.666667	66.4041	
0.854167	0.666667	67.4467	
0.875	0.666667	68.4993	
0.895833	0.666667	69.5624	
0.916667	0.666667	70.6356	
0.9375	0.666667	71.7179	
0.958333	0.666667	72.8076	
0.979167	0.666667	73.9025	
1	0.666667	75	
0	0.6875	50	
0.0208333	0.6875	49.58	
0.0416667	0.6875	49.1623	
0.0625	0.6875	48.7488	
0.0833333	0.6875	48.3414	
0.104167	0.6875	47.9411	
0.125	0.6875	47.5485	
0.145833	0.6875	47.1635	
0.166667	0.6875	46.7849	
0.1875	0.6875	46.4105	
0.208333	0.6875	46.0365	
0.229167	0.6875	45.6568	
0.25	0.6875	45.2615	
0.270833	0.6875	44.8338	
0.291667	0.6875	44.3431	
0.3125	0.6875	43.733	
0.333333	0.6875	42.9147	
0.354167	0.6875	41.8868	
0.375	0.6875	41.2732	
0.395833	0.6875	40.9358	
0.416667	0.6875	40.8155	
0.4375	0.6875	40.8836	
0.458333	0.6875	41.1255	
0.479167	0.6875	41.5338	
0.5	0.6875	42.1059	
0.520833	0.6875	42.843	
0.541667	0.6875	43.7501	
0.5625	0.6875	44.837	
0.583333	0.6875	46.1207	
0.604167	0.6875	47.6308	
0.625	0.6875	49.4217	
0.645833	0.6875	51.6051	
0.666667	0.6875	54.4442	
0.6875	0.6875	56.5652	
0.708333	0.6875	58.2035	
0.729167	0.6875	59.5893	
0.75	0.6875	60.8472	
0.770833	0.6875	62.0408	
0.791667	0.6875	63.2034	
0.8125	0.6875	64.3538	
0.833333	0.6875	65.5029	
0.854167	0.6875	66.6574	
0.875	0.6875	67.8208	
0.895833	0.6875	68.9948	
0.916667	0.6875	70.1798	
0.9375	0.6875	71.3749	
0.958333	0.6875	72.5783	
0.979167	0.6875	73.7876	
1	0.6875	75	
0	0.708333	50	
0.0208333	0.708333	49.4775	
0.0416667	0.708333	48.9584	
0.0625	0.708333	48.4459	
0.0833333	0.708333	47.9427	
0.104167	0.708333	47.4508	
0.125	0.708333	46.9715	
0.145833	0.708333	46.5051	
0.166667	0.708333	46.051	
0.1875	0.708333	45.6072	
0.208333	0.708333	45.1702	
0.229167	0.708333	44.7344	
0.25	0.708333	44.2912	
0.270833	0.708333	43.8277	
0.291667	0.708333	43.3254	
0.3125	0.708333	42.7618	
0.333333	0.708333	42.1254	
0.354167	0.708333	41.4724	
0.375	0.708333	40.9971	
0.395833	0.708333	40.7188	
0.416667	0.708333	40.627	
0.4375	0.708333	40.7098	
0.458333	0.708333	40.9591	
0.479167	0.708333	41.3699	
0.5	0.708333	41.9408	
0.520833	0.708333	42.6729	
0.541667	0.708333	43.5703	
0.5625	0.708333	44.6402	
0.583333	0.708333	45.8944	
0.604167	0.708333	47.35	
0.625	0.708333	49.0292	
0.645833	0.708333	50.9495	
0.666667	0.708333	53.0646	
0.6875	0.708333	54.9733	
0.708333	0.708333	56.6371	
0.729167	0.708333	58.1226	
0.75	0.708333	59.4962	
0.770833	0.708333	60.8051	
0.791667	0.708333	62.0796	
0.8125	0.708333	63.3393	
0.833333	0.708333	64.5965	
0.854167	0.708333	65.8591	
0.875	0.708333	67.1316	
0.895833	0.708333	68.4164	
0.916667	0.708333	69.7139	
0.9375	0.708333	71.0235	
0.958333	0.708333	72.343	
0.979167	0.708333	73.6696	
1	0.708333	75	
0	0.729167	50	
0.0208333	0.729167	49.3716	
0.0416667	0.729167	48.748	
0.0625	0.729167	48.1337	
0.0833333	0.729167	47.5326	
0.104167	0.729167	46.9478	
0.125	0.729167	46.3814	
0.145833	0.729167	45.8345	
0.166667	0.729167	45.3068	
0.1875	0.729167	44.7971	
0.208333	0.729167	44.3027	
0.229167	0.729167	43.8194	
0.25	0.729167	43.3411	
0.270833	0.729167	42.8604	
0.291667	0.729167	42.3692	
0.3125	0.729167	41.8633	
0.333333	0.729167	41.3527	
0.354167	0.729167	40.8805	
0.375	0.729167	40.5238	
0.395833	0.729167	40.3153	
0.416667	0.729167	40.2639	
0.4375	0.729167	40.3697	
0.458333	0.729167	40.631	
0.479167	0.729167	41.0461	
0.5	0.729167	41.6147	
0.520833	0.729167	42.3377	
0.541667	0.729167	43.2178	
0.5625	0.729167	44.2591	
0.583333	0.729167	45.4667	
0.604167	0.729167	46.8455	
0.625	0.729167	48.3955	
0.645833	0.729167	50.099	
0.666667	0.729167	51.8915	
0.6875	0.729167	53.6262	
0.708333	0.729167	55.249	
0.729167	0.729167	56.7677	
0.75	0.729167	58.2101	
0.770833	0.729167	59.6037	
0.791667	0.729167	60.9706	
0.8125	0.729167	62.3272	
0.833333	0.729167	63.6848	
0.854167	0.729167	65.0508	
0.875	0.729167	66.4302	
0.895833	0.729167	67.8251	
0.916667	0.729167	69.2361	
0.9375	0.729167	70.6621	
0.958333	0.729167	72.1005	
0.979167	0.729167	73.5479	
1	0.729167	75	
0	0.75	50	
0.0208333	0.75	49.2609	
0.0416667	0.75	48.5283	
0.0625	0.75	47.8083	
0.0833333	0.75	47.1063	
0.104167	0.75	46.4265	
0.125	0.75	45.772	
0.145833	0.75	45.1445	
0.166667	0.75	44.5446	
0.1875	0.75	43.9718	
0.208333	0.75	43.4242	
0.229167	0.75	42.8992	
0.25	0.75	42.3935	
0.270833	0.75	41.9036	
0.291667	0.75	41.4278	
0.3125	0.75	40.9694	
0.333333	0.75	40.5417	
0.354167	0.75	40.1731	
0.375	0.75	39.9023	
0.395833	0.75	39.7547	
0.416667	0.75	39.7435	
0.4375	0.75	39.8742	
0.458333	0.75	40.1491	
0.479167	0.75	40.5688	
0.5	0.75	41.134	
0.520833	0.75	41.8454	
0.541667	0.75	42.7043	
0.5625	0.75	43.7117	
0.583333	0.75	44.8678	
0.604167	0.75	46.1699	
0.625	0.75	47.6084	
0.645833	0.75	49.1594	
0.666667	0.75	50.7761	
0.6875	0.75	52.391	
0.708333	0.75	53.9649	
0.729167	0.75	55.4893	
0.75	0.75	56.9726	
0.770833	0.75	58.4289	
0.791667	0.75	59.8721	
0.8125	0.75	61.3142	
0.833333	0.75	62.7645	
0.854167	0.75	64.2294	
0.875	0.75	65.7131	
0.895833	0.75	67.2177	
0.916667	0.75	68.7433	
0.9375	0.75	70.2882	
0.958333	0.75	71.8491	
0.979167	0.75	73.4216	
1	0.75	75	
0	0.770833	50	
0.0208333	0.770833	49.1436	
0.0416667	0.770833	48.2959	
0.0625	0.770833	47.465	
0.0833333	0.770833	46.6578	
0.104167	0.770833	45.8799	
0.125	0.770833	45.1354	
0.145833	0.770833	44.4269	
0.166667	0.770833	43.7554	
0.1875	0.770833	43.1211	
0.208333	0.770833	42.5231	
0.229167	0.770833	41.9599	
0.25	0.770833	41.43	
0.270833	0.770833	40.9326	
0.291667	0.770833	40.469	
0.3125	0.770833	40.0447	
0.333333	0.770833	39.6714	
0.354167	0.770833	39.3681	
0.375	0.770833	39.1574	
0.395833	0.770833	39.0577	
0.416667	0.770833	39.0811	
0.4375	0.770833	39.2347	
0.458333	0.770833	39.5223	
0.479167	0.770833	39.946	
0.5	0.770833	40.507	
0.520833	0.770833	41.2058	
0.541667	0.770833	42.0422	
0.5625	0.770833	43.0155	
0.583333	0.770833	44.1228	
0.604167	0.770833	45.358	
0.625	0.770833	46.7088	
0.645833	0.770833	48.1543	
0.666667	0.770833	49.6626	
0.6875	0.770833	51.1967	
0.708333	0.770833	52.7303	
0.729167	0.770833	54.2521	
0.75	0.770833	55.7623	
0.770833	0.770833	57.2671	
0.791667	0.770833	58.7746	
0.8125	0.770833	60.2931	
0.833333	0.770833	61.8295	
0.854167	0.770833	63.3891	
0.875	0.770833	64.9752	
0.895833	0.770833	66.5894	
0.916667	0.770833	68.2313	
0.9375	0.770833	69.8983	
0.958333	0.770833	71.5862	
0.979167	0.770833	73.2892	
1	0.770833	75	
0	0.791667	50	
0.0208333	0.791667	49.0177	
0.0416667	0.791667	48.0468	
0.0625	0.791667	47.0979	
0.0833333	0.791667	46.1799	
0.104167	0.791667	45.3	
0.125	0.791667	44.463	
0.145833	0.791667	43.6721	
0.166667	0.791667	42.9291	
0.1875	0.791667	42.2342	
0.208333	0.791667	41.5872	
0.229167	0.791667	40.9873	
0.25	0.791667	40.434	
0.270833	0.791667	39.9278	
0.291667	0.791667	39.471	
0.3125	0.791667	39.069	
0.333333	0.791667	38.7312	
0.354167	0.791667	38.4705	
0.375	0.791667	38.3016	
0.395833	0.791667	38.2377	
0.416667	0.791667	38.2886	
0.4375	0.791667	38.461	
0.458333	0.791667	38.7594	
0.479167	0.791667	39.186	
0.5	0.791667	39.7423	
0.520833	0.791667	40.4283	
0.541667	0.791667	41.2434	
0.5625	0.791667	42.1854	
0.583333	0.791667	43.2501	
0.604167	0.791667	44.4303	
0.625	0.791667	45.7146	
0.645833	0.791667	47.0862	
0.666667	0.791667	48.5233	
0.6875	0.791667	50.003	
0.708333	0.791667	51.5074	
0.729167	0.791667	53.0264	
0.75	0.791667	54.5574	
0.770833	0.791667	56.1025	
0.791667	0.791667	57.6662	
0.8125	0.791667	59.2542	
0.833333	0.791667	60.8714	
0.854167	0.791667	62.5222	
0.875	0.791667	64.2092	
0.895833	0.791667	65.9335	
0.916667	0.791667	67.694	
0.9375	0.791667	69.4874	
0.958333	0.791667	71.3084	
0.979167	0.791667	73.149	
1	0.791667	75	
0	0.8125	50	
0.0208333	0.8125	48.8803	
0.0416667	0.8125	47.7757	
0.0625	0.8125	46.6999	
0.0833333	0.8125	45.6641	
0.104167	0.8125	44.677	
0.125	0.8125	43.7443	
0.145833	0.8125	42.8696	
0.166667	0.8125	42.0545	
0.1875	0.8125	41.2995	
0.208333	0.8125	40.6042	
0.229167	0.8125	39.9681	
0.25	0.8125	39.3909	
0.270833	0.8125	38.8735	
0.291667	0.8125	38.4181	
0.3125	0.8125	38.0292	
0.333333	0.8125	37.7139	
0.354167	0.8125	37.4811	
0.375	0.8125	37.3409	
0.395833	0.8125	37.3028	
0.416667	0.8125	37.3744	
0.4375	0.8125	37.5616	
0.458333	0.8125	37.8681	
0.479167	0.8125	38.2965	
0.5	0.8125	38.8477	
0.520833	0.8125	39.5219	
0.541667	0.8125	40.3177	
0.5625	0.8125	41.2325	
0.583333	0.8125	42.2617	
0.604167	0.8125	43.3986	
0.625	0.8125	44.6331	
0.645833	0.8125	45.9525	
0.666667	0.8125	47.3415	
0.6875	0.8125	48.7847	
0.708333	0.8125	50.2698	
0.729167	0.8125	51.7888	
0.75	0.8125	53.3384	
0.770833	0.8125	54.9192	
0.791667	0.8125	56.5337	
0.8125	0.8125	58.1859	
0.833333	0.8125	59.8798	
0.854167	0.8125	61.6191	
0.875	0.8125	63.406	
0.895833	0.8125	65.2413	
0.916667	0.8125	67.1237	
0.9375	0.8125	69.0492	
0.958333	0.8125	71.0107	
0.979167	0.8125	72.9984	
1	0.8125	75	
0	0.833333	50	
0.0208333	0.833333	48.7279	
0.0416667	0.833333	47.4759	
0.0625	0.833333	46.2618	
0.0833333	0.833333	45.0997	
0.104167	0.833333	43.9996	
0.125	0.833333	42.9677	
0.145833	0.833333	42.0074	
0.166667	0.833333	41.1199	
0.1875	0.833333	40.3051	
0.208333	0.833333	39.562	
0.229167	0.833333	38.8899	
0.25	0.833333	38.2882	
0.270833	0.833333	37.7572	
0.291667	0.833333	37.2987	
0.3125	0.833333	36.916	
0.333333	0.833333	36.614	
0.354167	0.833333	36.3991	
0.375	0.833333	36.2782	
0.395833	0.833333	36.2582	
0.416667	0.833333	36.3448	
0.4375	0.833333	36.5427	
0.458333	0.833333	36.855	
0.479167	0.833333	37.284	
0.5	0.833333	37.8303	
0.520833	0.833333	38.4938	
0.541667	0.833333	39.273	
0.5625	0.833333	40.1651	
0.583333	0.833333	41.1658	
0.604167	0.833333	42.2691	
0.625	0.833333	43.4668	
0.645833	0.833333	44.7492	
0.666667	0.833333	46.1053	
0.6875	0.833333	47.5246	
0.708333	0.833333	48.9983	
0.729167	0.833333	50.5204	
0.75	0.833333	52.0884	
0.770833	0.833333	53.702	
0.791667	0.833333	55.3635	
0.8125	0.833333	57.0759	
0.833333	0.833333	58.843	
0.854167	0.833333	60.6682	
0.875	0.833333	62.5543	
0.895833	0.833333	64.5021	
0.916667	0.833333	66.5104	
0.9375	0.833333	68.5748	
0.958333	0.833333	70.6869	
0.979167	0.833333	72.8341	
1	0.833333	75	
0	0.854167	50	
0.0208333	0.854167	48.5553	
0.0416667	0.854167	47.1381	
0.0625	0.854167	45.7717	
0.0833333	0.854167	44.4733	
0.104167	0.854167	43.2539	
0.125	0.854167	42.1196	
0.145833	0.854167	41.0725	
0.166667	0.854167	40.1127	
0.1875	0.854167	39.2388	
0.208333	0.854167	38.4489	
0.229167	0.854167	37.7413	
0.25	0.854167	37.1146	
0.270833	0.854167	36.5684	
0.291667	0.854167	36.1035	
0.3125	0.854167	35.7219	
0.333333	0.854167	35.427	
0.354167	0.854167	35.223	
0.375	0.854167	35.1147	
0.395833	0.854167	35.1069	
0.416667	0.854167	35.2039	
0.4375	0.854167	35.4092	
0.458333	0.854167	35.7255	
0.479167	0.854167	36.1541	
0.5	0.854167	36.6958	
0.520833	0.854167	37.35	
0.541667	0.854167	38.1153	
0.5625	0.854167	38.9891	
0.583333	0.854167	39.9674	
0.604167	0.854167	41.0452	
0.625	0.854167	42.2159	
0.645833	0.854167	43.4722	
0.666667	0.854167	44.8061	
0.6875	0.854167	46.2102	
0.708333	0.854167	47.6783	
0.729167	0.854167	49.2064	
0.75	0.854167	50.7926	
0.770833	0.854167	52.4372	
0.791667	0.854167	54.1423	
0.8125	0.854167	55.9112	
0.833333	0.854167	57.7479	
0.854167	0.854167	59.6566	
0.875	0.854167	61.6407	
0.895833	0.854167	63.7024	
0.916667	0.854167	65.8411	
0.9375	0.854167	68.0528	
0.958333	0.854167	70.3279	
0.979167	0.854167	72.651	
1	0.854167	75	
0	0.875	50	
0.0208333	0.875	48.3553	
0.0416667	0.875	46.7495	
0.0625	0.875	45.2136	
0.0833333	0.875	43.7679	
0.104167	0.875	42.4233	
0.125	0.875	41.1841	
0.145833	0.875	40.0503	
0.166667	0.875	39.0195	
0.1875	0.875	38.0885	
0.208333	0.875	37.2537	
0.229167	0.875	36.5118	
0.25	0.875	35.8605	
0.270833	0.875	35.2984	
0.291667	0.875	34.825	
0.3125	0.875	34.4413	
0.333333	0.875	34.1491	
0.354167	0.875	33.9511	
0.375	0.875	33.8506	
0.395833	0.875	33.8507	
0.416667	0.875	33.9547	
0.4375	0.875	34.1649	
0.458333	0.875	34.4834	
0.479167	0.875	34.9112	
0.5	0.875	35.4486	
0.520833	0.875	36.0951	
0.541667	0.875	36.8492	
0.5625	0.875	37.7085	
0.583333	0.875	38.6696	
0.604167	0.875	39.7283	
0.625	0.875	40.8795	
0.645833	0.875	42.1175	
0.666667	0.875	43.4366	
0.6875	0.875	44.8316	
0.708333	0.875	46.2984	
0.729167	0.875	47.8342	
0.75	0.875	49.4383	
0.770833	0.875	51.1118	
0.791667	0.875	52.8573	
0.8125	0.875	54.6787	
0.833333	0.875	56.581	
0.854167	0.875	58.5695	
0.875	0.875	60.6497	
0.895833	0.875	62.8256	
0.916667	0.875	65.0989	
0.9375	0.875	67.4672	
0.958333	0.875	69.9211	
0.979167	0.875	72.4418	
1	0.875	75	
0	0.895833	50	
0.0208333	0.895833	48.1163	
0.0416667	0.895833	46.2911	
0.0625	0.895833	44.5653	
0.0833333	0.895833	42.9613	
0.104167	0.895833	41.4872	
0.125	0.895833	40.1432	
0.145833	0.895833	38.925	
0.166667	0.895833	37.8267	
0.1875	0.895833	36.8421	
0.208333	0.895833	35.9654	
0.229167	0.895833	35.1917	
0.25	0.895833	34.5173	
0.270833	0.895833	33.9395	
0.291667	0.895833	33.4569	
0.3125	0.895833	33.0692	
0.333333	0.895833	32.777	
0.354167	0.895833	32.5819	
0.375	0.895833	32.4858	
0.395833	0.895833	32.4909	
0.416667	0.895833	32.5991	
0.4375	0.895833	32.8124	
0.458333	0.895833	33.1321	
0.479167	0.895833	33.5587	
0.5	0.895833	34.0925	
0.520833	0.895833	34.7327	
0.541667	0.895833	35.4779	
0.5625	0.895833	36.326	
0.583333	0.895833	37.2742	
0.604167	0.895833	38.3189	
0.625	0.895833	39.4562	
0.645833	0.895833	40.6817	
0.666667	0.895833	41.9913	
0.6875	0.895833	43.3814	
0.708333	0.895833	44.8493	
0.729167	0.895833	46.3937	
0.75	0.895833	48.0148	
0.770833	0.895833	49.7145	
0.791667	0.895833	51.4963	
0.8125	0.895833	53.3653	
0.833333	0.895833	55.3277	
0.854167	0.895833	57.3909	
0.875	0.895833	59.5629	
0.895833	0.895833	61.8513	
0.916667	0.895833	64.2618	
0.9375	0.895833	66.7961	
0.958333	0.895833	69.4474	
0.979167	0.895833	72.1952	
1	0.895833	75	
0	0.916667	50	
0.0208333	0.916667	47.8189	
0.0416667	0.916667	45.7331	
0.0625	0.916667	43.7954	
0.0833333	0.916667	42.0248	
0.104167	0.916667	40.4212	
0.125	0.916667	38.9765	
0.145833	0.916667	37.6798	
0.166667	0.916667	36.5201	
0.1875	0.916667	35.4877	
0.208333	0.916667	34.574	
0.229167	0.916667	33.7724	
0.25	0.916667	33.0775	
0.270833	0.916667	32.4854	
0.291667	0.916667	31.9939	
0.3125	0.916667	31.6014	
0.333333	0.916667	31.3079	
0.354167	0.916667	31.1137	
0.375	0.916667	31.0199	
0.395833	0.916667	31.0277	
0.416667	0.916667	31.1386	
0.4375	0.916667	31.3536	
0.458333	0.916667	31.6737	
0.479167	0.916667	32.0991	
0.5	0.916667	32.6299	
0.520833	0.916667	33.2651	
0.541667	0.916667	34.0037	
0.5625	0.916667	34.8435	
0.583333	0.916667	35.7823	
0.604167	0.916667	36.817	
0.625	0.916667	37.9446	
0.645833	0.916667	39.1618	
0.666667	0.916667	40.4655	
0.6875	0.916667	41.8533	
0.708333	0.916667	43.3238	
0.729167	0.916667	44.8765	
0.75	0.916667	46.5127	
0.770833	0.916667	48.2351	
0.791667	0.916667	50.0482	
0.8125	0.916667	51.9584	
0.833333	0.916667	53.9736	
0.854167	0.916667	56.1036	
0.875	0.916667	58.3598	
0.895833	0.916667	60.7548	
0.916667	0.916667	63.3009	
0.9375	0.916667	66.0078	
0.958333	0.916667	68.8772	
0.979167	0.916667	71.8918	
1	0.916667	75	
0	0.9375	50	
0.0208333	0.9375	47.4263	
0.0416667	0.9375	45.0269	
0.0625	0.9375	42.8584	
0.0833333	0.9375	40.9211	
0.104167	0.9375	39.1963	
0.125	0.9375	37.6618	
0.145833	0.9375	36.2975	
0.166667	0.9375	35.0864	
0.1875	0.9375	34.0145	
0.208333	0.9375	33.0707	
0.229167	0.9375	32.2463	
0.25	0.9375	31.5347	
0.270833	0.9375	30.9309	
0.291667	0.9375	30.4317	
0.3125	0.9375	30.0348	
0.333333	0.9375	29.7394	
0.354167	0.9375	29.5451	
0.375	0.9375	29.4523	
0.395833	0.9375	29.4616	
0.416667	0.9375	29.5739	
0.4375	0.9375	29.7898	
0.458333	0.9375	30.1099	
0.479167	0.9375	30.5343	
0.5	0.9375	31.0627	
0.520833	0.9375	31.6944	
0.541667	0.9375	32.4281	
0.5625	0.9375	33.2621	
0.583333	0.9375	34.1944	
0.604167	0.9375	35.2223	
0.625	0.9375	36.3435	
0.645833	0.9375	37.5553	
0.666667	0.9375	38.8556	
0.6875	0.9375	40.2427	
0.708333	0.9375	41.716	
0.729167	0.9375	43.2759	
0.75	0.9375	44.9243	
0.770833	0.9375	46.6649	
0.791667	0.9375	48.5031	
0.8125	0.9375	50.4464	
0.833333	0.9375	52.5046	
0.854167	0.9375	54.6901	
0.875	0.9375	57.0181	
0.895833	0.9375	59.5072	
0.916667	0.9375	62.179	
0.9375	0.9375	65.0572	
0.958333	0.9375	68.1619	
0.979167	0.9375	71.4946	
1	0.9375	75	
0	0.958333	50	
0.0208333	0.958333	46.8595	
0.0416667	0.958333	44.0896	
0.0625	0.958333	41.6904	
0.0833333	0.958333	39.6051	
0.104167	0.958333	37.7809	
0.125	0.958333	36.1769	
0.145833	0.958333	34.7621	
0.166667	0.958333	33.5134	
0.1875	0.958333	32.4132	
0.208333	0.958333	31.448	
0.229167	0.958333	30.6075	
0.25	0.958333	29.8841	
0.270833	0.958333	29.2719	
0.291667	0.958333	28.7671	
0.3125	0.958333	28.3669	
0.333333	0.958333	28.0697	
0.354167	0.958333	27.875	
0.375	0.958333	27.7825	
0.395833	0.958333	27.7925	
0.416667	0.958333	27.9055	
0.4375	0.958333	28.1218	
0.458333	0.958333	28.4418	
0.479167	0.958333	28.8654	
0.5	0.958333	29.3923	
0.520833	0.958333	30.0216	
0.541667	0.958333	30.7522	
0.5625	0.958333	31.5825	
0.583333	0.958333	32.5107	
0.604167	0.958333	33.5345	
0.625	0.958333	34.6517	
0.645833	0.958333	35.8604	
0.666667	0.958333	37.1588	
0.6875	0.958333	38.5459	
0.708333	0.958333	40.0215	
0.729167	0.958333	41.5866	
0.75	0.958333	43.2438	
0.770833	0.958333	44.9972	
0.791667	0.958333	46.8529	
0.8125	0.958333	48.8196	
0.833333	0.958333	50.9084	
0.854167	0.958333	53.1339	
0.875	0.958333	55.5152	
0.895833	0.958333	58.0768	
0.916667	0.958333	60.8509	
0.9375	0.958333	63.88	
0.958333	0.958333	67.2186	
0.979167	0.958333	70.9247	
1	0.958333	75	
0	0.979167	50	
0.0208333	0.979167	45.9221	
0.0416667	0.979167	42.7817	
0.0625	0.979167	40.2083	
0.0833333	0.979167	38.028	
0.104167	0.979167	36.1455	
0.125	0.979167	34.5027	
0.145833	0.979167	33.0606	
0.166667	0.979167	31.792	
0.1875	0.979167	30.6769	
0.208333	0.979167	29.7006	
0.229167	0.979167	28.8518	
0.25	0.979167	28.1222	
0.270833	0.979167	27.5057	
0.291667	0.979167	26.9979	
0.3125	0.979167	26.5958	
0.333333	0.979167	26.2977	
0.354167	0.979167	26.1026	
0.375	0.979167	26.0102	
0.395833	0.979167	26.0205	
0.416667	0.979167	26.1337	
0.4375	0.979167	26.3502	
0.458333	0.979167	26.6701	
0.479167	0.979167	27.0933	
0.5	0.979167	27.6194	
0.520833	0.979167	28.2475	
0.541667	0.979167	28.9766	
0.5625	0.979167	29.8052	
0.583333	0.979167	30.7313	
0.604167	0.979167	31.7531	
0.625	0.979167	32.8685	
0.645833	0.979167	34.0758	
0.666667	0.979167	35.3734	
0.6875	0.979167	36.7606	
0.708333	0.979167	38.2375	
0.729167	0.979167	39.8054	
0.75	0.979167	41.4671	
0.770833	0.979167	43.227	
0.791667	0.979167	45.0919	
0.8125	0.979167	47.0706	
0.833333	0.979167	49.1754	
0.854167	0.979167	51.4221	
0.875	0.979167	53.8321	
0.895833	0.979167	56.4339	
0.916667	0.979167	59.2677	
0.9375	0.979167	62.3935	
0.958333	0.979167	65.9076	
0.979167	0.979167	69.9858	
1	0.979167	75	
0	1	50	
0.0208333	1	44.0471	
0.0416667	1	40.9067	
0.0625	1	38.3333	
0.0833333	1	36.153	
0.104167	1	34.2705	
0.125	1	32.6277	
0.145833	1	31.1856	
0.166667	1	29.917	
0.1875	1	28.8019	
0.208333	1	27.8256	
0.229167	1	26.9768	
0.25	1	26.2472	
0.270833	1	25.6307	
0.291667	1	25.1229	
0.3125	1	24.7208	
0.333333	1	24.4227	
0.354167	1	24.2276	
0.375	1	24.1352	
0.395833	1	24.1455	
0.416667	1	24.2587	
0.4375	1	24.4752	
0.458333	1	24.7951	
0.479167	1	25.2183	
0.5	1	25.7444	
0.520833	1	26.3725	
0.541667	1	27.1016	
0.5625	1	27.9302	
0.583333	1	28.8563	
0.604167	1	29.8781	
0.625	1	30.9935	
0.645833	1	32.2008	
0.666667	1	33.4984	
0.6875	1	34.8856	
0.708333	1	36.3625	
0.729167	1	37.9304	
0.75	1	39.5921	
0.770833	1	41.352	
0.791667	1	43.2169	
0.8125	1	45.1956	
0.833333	1	47.3004	
0.854167	1	49.5471	
0.875	1	51.9571	
0.895833	1	54.5589	
0.916667	1	57.3927	
0.9375	1	60.5185	
0.958333	1	64.0326	
0.979167	1	68.1108	
1	1	75	
